[gd_scene load_steps=3 format=2]

[ext_resource path="res://Table.tscn" type="PackedScene" id=1]
[ext_resource path="res://Card.tscn" type="PackedScene" id=2]

[node name="Spatial" type="Spatial" index="0"]

[node name="DirectionalLight" type="DirectionalLight" parent="." index="0"]

transform = Transform( -1, 0, -8.74228e-08, -4.33833e-08, 0.868181, 0.496247, 7.58988e-08, 0.496247, -0.868181, 0, 1.75894, -2.47674 )
layers = 1
light_color = Color( 1, 1, 1, 1 )
light_energy = 1.0
light_indirect_energy = 1.0
light_negative = false
light_specular = 0.5
light_bake_mode = 1
light_cull_mask = -1
shadow_enabled = false
shadow_color = Color( 0, 0, 0, 1 )
shadow_bias = 0.1
shadow_contact = 0.0
shadow_reverse_cull_face = false
editor_only = false
directional_shadow_mode = 2
directional_shadow_split_1 = 0.1
directional_shadow_split_2 = 0.2
directional_shadow_split_3 = 0.5
directional_shadow_blend_splits = false
directional_shadow_normal_bias = 0.8
directional_shadow_bias_split_scale = 0.25
directional_shadow_depth_range = 0
directional_shadow_max_distance = 200.0

[node name="BakedLightmap" type="BakedLightmap" parent="." index="1"]

transform = Transform( 1, 0, 0, 0, 0.93672, 0.350079, 0, -0.350079, 0.93672, 0, 1, 2 )
layers = 1
bake_cell_size = 0.25
bake_quality = 1
bake_mode = 0
bake_propagation = 1.0
bake_energy = 1.0
bake_hdr = false
bake_extents = Vector3( 10, 10, 10 )
capture_cell_size = 0.5
image_path = "."
light_data = null
_sections_unfolded = [ "Transform" ]

[node name="Camera" type="Camera" parent="." index="2"]

transform = Transform( 1, 0, 0, 0, 0.898953, 0.438044, 0, -0.438044, 0.898953, 0, 1.26302, 3.09181 )
keep_aspect = 1
cull_mask = 1048575
environment = null
h_offset = 0.0
v_offset = 0.0
doppler_tracking = 0
projection = 0
current = false
fov = 70.0
size = 1.0
near = 0.05
far = 100.0
_sections_unfolded = [ "Transform" ]

[node name="Table" parent="." index="3" instance=ExtResource( 1 )]

[node name="MeshInstance2" parent="." index="4" instance=ExtResource( 2 )]

transform = Transform( 1, 0, 0, 0, 1, 0, 0, 0, 1, 0.0678518, 0.310349, 1.58744 )
_sections_unfolded = [ "Transform" ]


